0.499344704881004 -33
6.17252800116984 -35
7.18690363202756 -35
7.70454892818677 -35
7.81958121622232 -35
11.4849282122573 -35
11.6339473126671 -14
13.3254448208231 -18
13.3594316331981 -35
13.8587763380779 -37
15.9319718928977 -35
16.9855630764945 -35
17.0247786292335 -35
18.8757527185292 -35
19.42477045688 -36
19.4613716394367 -23
19.6496062925858 -19
20.2299964731273 -35
20.4757472702941 -35
20.721498067461 -40
20.9018896100619 -35
21.5110378626127 -42
21.7750892510569 -21
22.0312975289548 -30
22.5463284549306 -36
23.8587422866069 -35
24.6744257835853 -35
24.8548173261855 -35
25.0613525706135 -20
25.3933775838057 -33
25.4221356558146 -35
25.5319392034845 -36
26.9253985108226 -33
27.2260510818237 -24
27.7384676376177 -35
28.0077477664279 -33
28.8652611863282 -35
28.8783330372408 -29
29.1580706467809 -32
29.3750633719394 -35
30.1750606478214 -42
30.478327589005 -35
31.3279978983573 -41
32.2038119095353 -23
32.2116550200842 -33
32.5279938121809 -29
32.543680033277 -35
32.6194967685725 -33
32.9881229643225 -31
33.0273385170617 -32
33.2103444298448 -33
33.9528255617097 -29
33.9737405231706 -33
34.0913871813883 -23
34.7815809096011 -35
35.1580502158985 -41
35.2966118355777 -32
35.5031470800041 -35
35.6181793680397 -39
35.6260224785877 -32
35.7227541753447 -24
35.9789624532418 -29
35.9894199339724 -35
36.295301245339 -33
36.3136018366173 -40
36.6796136621846 -22
37.084841040491 -35
37.4979115293452 -8
37.8900670567387 -43
39.0430043072749 -33
39.4822184979551 -38
39.6390807089121 -33
40.1122817119672 -35
40.2874445142024 -24
41.2103171886676 -35
41.7384199655574 -35
41.8142367008536 -33
42.4286136937702 -24
42.4730579868746 -27
42.6246914574661 -35
42.6822076014837 -16
42.9201152881029 -33
43.0168469848593 -35
43.0403763165037 -22
43.3593294787827 -35
43.5737078337584 -27
44.1357974230219 -26
44.5959265751636 -33
46.1096469109016 -33
46.2926528236849 -35
46.7632394565569 -21
47.1083363206632 -35
47.9397060387364 -45
48.5697692527487 -35
49.1004863998206 -34
49.19983246676 -40
49.7383927243809 -33
49.9501567091732 -35
49.9527710793555 -31
50.8050557588899 -37
50.9436173785687 -33
51.0429634455083 -38
51.4272758623544 -35
51.7122422122597 -41
52.0468815956359 -15
52.2638743207929 -35
52.507010747777 -36
53.0220416737538 -35
54.188050775203 -33
54.2272663279423 -35
55.7932740673329 -48
56.1331421910732 -33
56.3893504689699 -35
57.0821585673648 -22
57.157975302661 -16
57.1579753026614 -35
57.2599357397832 -35
57.5370589791417 -12
58.0233318331088 -32
58.6037220136514 -57
59.5893395724993 -9
59.6886856394394 -33
61.0795305765942 -32
61.0978311678726 -31
61.2546933788294 -35
61.4246274406995 -35
62.0651481354419 -16
62.483447364662 -31
62.6716820178109 -35
63.9631808880258 -9
64.0834419164263 -24
64.6167734336813 -33
64.7971649762822 -33
64.888667932674 -24
64.8991254134042 -35
65.1370331000231 -8
65.2337647967797 -31
65.4664437430335 -7
66.3997738982291 -44
66.4180744895076 -7
66.8285306081799 -36
66.9592491173104 -32
67.04813770352 -35
67.5840835909566 -35
68.4494401214045 -17
68.7553214327719 -3
68.7631645433191 -10
69.0768889652342 -35
69.2337511761918 -35
69.2415942867389 -35
69.4455151609834 -11
70.2690417685097 -23
70.3396297634404 -35
70.8154451366781 -47
71.2598880677238 -7
72.0258985312316 -35
72.5487725677556 -33
75.0376529816114 -35
76.55137331735 -35
76.6925493072111 -18
76.8101959654294 -35
77.0533323924133 -35
77.6938530871561 -8
77.882087740304 -39
78.3866611855509 -22
78.4441773295679 -35
78.7003856074649 -34
79.4010368164079 -59
79.5448271764519 -33
79.8376366369057 -35
80.3735825243432 -33
81.9657339655603 -11
82.0807662535956 -27
82.5382810355541 -35
83.3382783114365 -35
83.7304338388296 -39
83.9997139676394 -39
84.0310864098306 -35
84.7970968733393 -54
85.2572260254807 -36
85.3905589047948 -37
86.7631032506711 -34
87.275519806465 -41
92.8650432569099 -47
93.7330141575411 -35
94.977454364469 -54
97.0898654720272 -54
97.4480341870459 -54
97.5055503310641 -39
99.100316142463 -35
99.9918163747377 -50
101.387890052258 -49
101.607497147597 -46
102.410108793663 -69
102.875466686169 -55
104.671539001631 -35
107.905514917533 -67
108.815315741086 -33
109.084595869896 -63
110.491127028147 -61
119.364299427965 -35
127.338128484962 -86
129.170801982979 -86
134.525032116989 -109
136.347248134276 -91
137.241362736733 -75
141.934157214539 -92
144.096241355568 -92
148.148515138632 -89
148.561585627485 -95
148.945898044331 -86
149.952430564641 -99
150.956348714768 -87
151.126282776638 -91
151.335432391248 -86
151.596869409509 -88
151.753731620467 -96
156.161559748367 -105
162.339316489903 -96
162.626897209991 -89
163.56284173537 -95
165.442573896675 -90
166.906621198943 -99
171.505298350175 -124
173.60463760682 -18
174.022936836039 -105
177.999393883807 -8
179.897426636391 -113
184.336627206482 -5
189.264715000725 -132
189.58889690337 -126
191.711765491659 -10
205.873808770921 -10
208.958765586416 -141
221.468526910261 -158
223.66198349348 -151
239.173041786976 -10
241.66976531138 -35
245.233151870293 -33
