10.045439916654 -27
10.3503079376357 -40
147.797779182143 -41
12.6574682234985 -17
73.1951720891063 -40
229.213321539617 -18
31.1985991188683 -39
219.970028780866 -33
221.130400614201 -33
273.692981360668 -71
16.6229905798567 -57
10.6198444250665 -38
38.5372265492593 -33
264.867223413498 -53
226.443079148844 -33
83.0577158373421 -47
81.0973555293905 -33
167.706812927822 -33
6.34069581081438 -144
247.133300257706 -94
26.3014248203816 -53
179.002650122772 -33
137.074329004668 -33
52.3909189828318 -30
48.3561789423461 -32
59.2046133982059 -33
41.3036923630282 -33
285.249320234742 -58
22.8102864821202 -33
38.5247720065988 -33
290.341224152771 -76
17.4262194242054 -24
243.292117005703 -11
138.63198394376 -33
320.855261436797 -36
10.9782285312651 -32
24.9252270072501 -33
31.6421238916472 -33
3.32979602520025 -36
352.273727741674 -33
174.7173634879 -60
155.413862632651 -61
193.167053142701 -33
259.420429793826 -20
148.832881541303 -62
181.09961524703 -105
264.416136000147 -41
76.5757101987862 -35
275.173816762129 -75
167.289440590885 -30
226.120407154503 -59
295.432063969473 -18
221.029933131055 -10
