8.74422795220546 -30.1
18.0904576897178 0
20.0667261768289 -35
28.42786208384 -35
28.42786208384 -35
33.1405023223393 -35
35.0650837874797 -11.6
36.6111338270107 -21.7
37.853142560836 -35
38.9826560115451 -21.1
41.3496175764951 -35
41.3496175764951 -35
41.7570329261452 -35
42.5475403209909 -35
43.0218447578984 -33
44.4052326988761 -9
47.0215081345064 -23.4
51.2309600120542 -35
51.5988499919643 -35
52.2206144621382 -35
53.4884667069473 -31.1
53.8305131758695 -13.1
53.8913214370117 -33
57.9198687376619 -35
61.1123024476133 -35
61.1123024476133 -35
62.1125983433982 -20.4
62.662913106731 -8.3
64.5859743653434 -26.6
64.6102976698022 -20.4
66.2353984488182 -8
66.4619092215713 -22.6
66.5850459503836 -13.4
69.3624632780401 -19.6
69.4734383546243 -35
69.4734383546243 -35
70.1924960426281 -5
70.9647609591307 -23.3
71.3235296998687 -13
72.6658720645756 -35
73.5506322641885 -20.4
73.6220819710302 -35
74.0583812447226 -35
76.6913789521697 -21.2
76.794752996111 -7.7
77.3009817701159 -30.7
78.9382442013611 -38
79.940060303675 -10.4
80.8749873187314 -35
81.7475858661185 -26
83.4669394499063 -21.6
83.9154003758274 0
83.9154003758274 0
84.3714623343905 -35
85.2668639797054 -29.1
85.4112835999186 -19.1
86.4967110613005 -26.9
86.5255949853428 -16.2
86.9223688892956 -17.2
87.2051273036045 -36.8
87.6748711209244 -18.7
88.527706983441 -17
89.0080922464606 -36.8
89.388143878598 -35
89.6283365101085 -10.6
89.8882918264919 -29.8
90.7563297542905 -35
91.0512498208299 -23.2
91.3020838980408 -19.7
91.4389024856089 -35
91.6198070625051 -24.5
91.9268887812744 -16.2
92.3069404134091 -38
92.3692688810813 -16.8
93.1324125584114 -21.2
93.4622973751056 -27.2
93.7785003330449 -37
93.7967428113865 -35
94.3090524115066 -18
94.5568460756604 -65
94.5568460756604 -65
95.319989752992 -51.2
95.55106114533 -35
96.6608119111685 -38.5
96.6699331503414 -27
96.6851352156271 -35
96.8006709117972 -32.1
97.6276632633273 -28.6
97.7219160680967 -29.2
97.8648154817797 -35
97.916502503751 -10.4
98.2813520706022 -35
98.5853933763106 -20
98.9882481063773 -38.7
99.1417889657601 -32.4
99.226920531359 -39.6
99.9915844152188 -19.7
100.462848439066 -17.1
102.332702469182 -26.8
102.904300123914 -18.4
103.632479051088 -34.3
103.678085246946 -35
104.722467132058 -52
105.722763027841 -27.3
105.972076898525 -35
106.026804333551 -21.4
106.042006398837 -27.8
107.195843154005 -19.7
109.726987024037 -39.2
110.53877731028 -16
110.596545158364 -35
110.902106670604 -20.7
111.072369801801 -20.7
112.922461147045 -45.9
113.273628855138 -29.3
114.109742445838 -44.9
114.118863685012 -27.2
115.395837168991 -20.5
116.002399573881 -42.4
116.656088381157 -11.2
117.016377328422 -24
117.957385169594 -29.8
117.996910539335 -9.2
118.386083410644 -30.7
119.103620892119 -35
119.54144037234 -35
119.694981231722 -28.5
120.473326974338 -26
120.613185974965 -37.6
122.755156973689 -20.3
123.095683236085 -16.2
123.440770118064 -50
123.98804446834 -31.7
124.209994621508 -35
124.428904361621 -35
124.913850244226 -37.2
125.544735953574 -22.7
126.069207205923 -35
128.290228944131 -29
133.714325837988 -27.1
133.778174512189 -35
136.332121480148 -31.4
136.873315004311 -30.6
137.495079474484 -25.7
138.381359880631 -35
138.388960913273 -35
139.396857841701 -25.5
140.565896662152 -35
140.69511421708 -14
141.274312904456 -36.7
141.547950079594 -29.8
142.896373270416 -31.1
143.227778293639 -40.5
143.659516947748 -35
145.214688226452 -44.3
146.091847393422 0
146.748576613755 -28.6
148.302227685931 -26
151.123731002914 -36.5
152.473674400266 -12.6
153.265702001639 -41
154.121578277211 -37.8
155.126434792583 -35
155.21156635818 -31.3
155.349905152278 -40.5
156.056801188053 -35
156.281791754277 -36.3
156.78041949564 -46
157.067738529538 -54
157.189355051819 -35
157.341375704674 0
159.372371626814 -35
159.758504085067 -31
161.141892026044 -32.2
161.445933331752 -35
161.95368231229 -26
162.019051193015 -45.1
163.638071145918 -25
164.512189899833 -35
164.595801258903 -45.9
164.615563943775 -30.7
164.852716162228 -44.4
165.03058032607 -35
165.08074714151 -30.5
165.098989619853 -42.6
165.178040359338 -29.3
166.084083450351 -40.5
166.163134189835 -28.8
167.458350152159 -45.5
167.513077587188 -35
167.678780098799 -35
168.434322743487 -45
168.622828353027 -43.9
169.046965974492 -65
170.787602449678 -42.4
171.733170910433 -42.3
171.783337725877 -35
172.978220057315 -57.8
173.191048971313 -52.7
174.352486759122 -40
174.734058597787 -44.3
176.049037244981 -49
176.99156529268 -41.3
177.145106152065 -46.2
177.453708077359 -28.8
178.776287757196 -35
180.004614632262 -22.9
181.543063639152 -47.6
182.447586523637 -42
183.137760287598 -28.4
183.251775777239 -27.1
183.622706170205 -45
183.786888475289 -50.5
183.925227269387 -43.4
184.335683032093 -36.3
185.386145743321 -36.4
185.527524950475 -44.2
186.091521572566 -47.9
186.231380573194 -51.4
186.43356804149 -44.9
188.80965084561 -35
189.3842889134 -44.7
189.57279452294 -44.6
190.828485115522 -48.7
191.39400194414 -35
191.646356227881 -34.3
192.292444002511 -46.4
192.678576460764 -41.7
193.42347765975 -50.9
194.206384021953 -47.4
195.609534647804 -45.4
195.878611203356 -43.2
197.170786752621 -35
199.334040642744 -46.5
199.907158504007 -53.6
200.256806005573 -47.9
201.427365032554 -47.2
202.090175079003 -35
202.179867264187 -24
202.695217277363 -51.6
204.15461554477 -79.9
204.945122939613 -67.8
205.683943312488 -35
206.275303652091 -44.6
206.547420620704 -47
207.842636583025 -52.1
208.572335716728 0
208.815568761296 -48.1
211.01986822769 -54.8
211.995840819018 -54.3
212.698176235206 -55.3
212.737701604949 -39
212.938368866717 -33.4
213.713674196278 -58
215.474073356334 -31
216.629430318029 -41.8
216.933471623739 -35
217.201027972765 -54.4
218.301657499432 -35
218.525127859129 -51.5
219.531504581028 -51.9
219.973884680836 -35
221.066913174861 -58.9
222.862277085076 -35
223.908179176716 -32.6
223.926421655058 -35
224.09060396014 -55.8
224.108846438483 -51.1
224.899353833331 -45.5
226.358752100735 -35
226.968354918682 -58.8
227.422896670717 0
227.729978389485 -48.9
229.511660440943 -49.7
229.59831221307 -47.6
230.229197922417 -45.4
231.679474950651 -48
232.802907575249 -48.6
234.976802911072 -60.8
236.373872710806 -11.3
237.18566299705 -30.1
238.158595175322 -78.5
240.372015880885 -72.3
241.104755427646 -35
241.2461346348 -66.6
242.47294130334 -34.2
243.208721263156 -27.5
245.209313054724 -35
255.060251359713 -68
255.700258308233 -69.8
263.98082326923 -71.6
266.46180032382 -38
269.476369869931 -55.2
269.684638164342 -35
270.140700122905 -35
270.709257364584 -56.6
271.10907168159 -58.4
272.421009915727 -35
273.378740028711 -69.2
276.355304411606 -71.6
277.589712112787 -35
279.488450066943 -110.5
282.454373004141 -35
282.515181265284 -40
284.716440318619 -67
285.677210844661 -74.6
286.102868672653 -35
288.079137159767 -35
288.185551616765 -6
289.841056526351 -99.8
290.207426299734 -5
295.598078649963 -72.3
298.264520901037 -35
301.729071579594 -51.4
304.801408973789 -35
304.801408973789 -35
308.753945948015 -35
310.123652030237 -39.1
311.152831850061 -68.3
311.516161210385 -57.8
312.387239551242 -68.1
314.658428104892 -68.3
317.267102507881 0
317.311188497209 -60
319.243370994993 -33
320.915598176396 0
322.329390247943 -124
328.060568860567 -35
329.73279604197 -35
331.709064529081 -35
342.51165212094 -93.1
345.846985244574 -35
353.295997234458 -5
354.069782357489 -14.5
355.27226572157 -5
355.842343169775 -111
356.486910737879 -35
360.583867332314 -8.5
361.419980923015 -35
364.350939110055 -61.4
370.01826904848 -35
373.969285816176 -6.2
375.795053856962 -150
384.764272375391 -5
397.686027868047 -5
439.430899141962 -165.4
442.253922665475 -144.8
457.325250189498 -35
458.66151172809 -12
459.333443013707 -39.8
465.18319773556 -16.2
466.232140240257 -13.6
471.218417653894 -16
471.669918992872 -124.7
472.233915614962 -13.7
472.588123736113 -15.6
475.731910837152 -10.2
484.854670214965 -17.7
490.520479946861 -21.1
491.762488680686 -13.1
516.900623836747 -12
531.058307237113 -190.4
532.224305644506 -5
546.66474745918 -20.7
547.994928171659 -1.1
552.242385212423 -170.5
563.165069120036 -19.5
563.388539479732 -223
564.505891278215 -30.1
564.88898332341 -42
572.208777758368 -14.8
574.735361008812 -29.3
575.954566644707 -27.1
576.304214146272 -15.1
579.847815564319 -35.6
580.775141546732 -20.6
582.540101326375 -30.6
587.103761325075 -5
611.630773456662 -9
624.21504309998 -17.3
634.678624635973 -9.8
648.52770611104 -9.3
661.69573506132 -219.1
666.221389896806 -228.7
710.635743834852 -8
797.165899439779 -7
837.937838535425 -300
863.872561912445 -350.4
900.266306205876 -350
900.526261522257 -364.2
918.584794874876 -28
920.652275753697 -383.5
942.832089005208 -350
970.287018910779 -367.2
972.615975312512 -398.7
1058.75999845919 -427.1
1082.20006292287 -373.8
1084.51989808543 -454.4
1175.42368787299 -450
1277.27752528567 -441.2
1307.21495245236 -472.3
1310.48035607568 -508.7
1385.21218881255 -100
1409.15696184371 -504.6
1413.30560546011 -481
1446.8322402407 -555.8
1447.540656483 -580
1451.72122443651 -580
1454.92886021175 -514.7
1467.16652276655 -568.7
1480.22509684678 -500
1484.0925022554 -581.4
1486.1052556992 -552.2
1488.62271771047 -569.9
1490.10643928234 -500
1491.99757620385 -581.3
1497.87621484974 -547.2
1503.63323697335 -562
1504.03913211648 -608.8
1505.10783730604 -546
